binom,Alpha Probs,Nonalpha Probs,ProbAandB,log_odds
men and women,-31.91001077136025,-35.643595691770315,0.9766512213054545,3.733584920410067
black and white,-36.06237306003459,-38.49695997987874,0.9194269907934667,2.4345869198441505
day and night,-37.763040133111645,-36.375271159631666,0.19976416639406563,-1.3877689734799787
boys and girls,-21.416590929031372,-23.797695875167847,0.9153750666177258,2.3811049461364746
left and right,-19.363229624927044,-20.32726365327835,0.7239287573918837,0.9640340283513069
female and male,-40.485010931733996,-38.23219154798426,0.0951065479486544,-2.2528193837497383
father and mother,-42.92800721898675,-40.377261471003294,0.07237640132080976,-2.5507457479834557
goods and services,-56.55480881407857,-60.041102791263256,0.9702952654556883,3.486293977184687
north and south,-44.51135607436299,-45.682228599675,0.7633026925657649,1.1708725253120065
development and research,-53.98296032100916,-49.97314211726189,0.01781361212119258,-4.0098182037472725
place and time,-50.68094260804355,-48.78350540995598,0.13039880801328754,-1.897437198087573
death and life,-37.574927526991814,-35.09373509022407,0.07718722279969484,-2.481192436767742
brothers and sisters,-39.64615666720783,-42.1542162358528,0.9247048978211913,2.508059568644967
husband and wife,-51.50313528785773,-53.9814363389014,0.9226065737157019,2.4783010510436725
gas and oil,-56.591908621252514,-56.269153332919814,0.42000441012382045,-0.32275528833270073
pepper and salt,-42.082926105940714,-37.329370897845365,0.008547304996643015,-4.753555208095349
fall and rise,-68.0562853589654,-62.341096840798855,0.003284704356860655,-5.715188518166542
arms and legs,-41.92056838795543,-42.85537352785468,0.7180491265400645,0.9348051398992538
fruits and vegetables,-45.41562270745635,-46.02676364965737,0.6482010224698675,0.6111409422010183
arts and sciences,-54.08656756035634,-58.17308237931138,0.9834798259109137,4.086514818955038
gentlemen and ladies,-59.58585327514447,-56.72542101168074,0.05414455873770536,-2.8604322634637356
feelings and thoughts,-62.13782202414586,-59.63463513844181,0.07563506925494239,-2.5031868857040536
diagnosis and treatment,-50.995532240660395,-52.229915048752446,0.7745847474858325,1.2343828080920503
groups and individuals,-42.03759875614196,-40.03306007711217,0.11872721283007336,-2.0045386790297925
knowledge and skills,-51.76404542766977,-52.308378229965456,0.632819761091195,0.5443328022956848
heart and mind,-38.66754125780426,-39.239019034197554,0.6391040943681492,0.5714777763932943
influence and power,-42.111977961845696,-40.91970337089151,0.23285237383570265,-1.1922745909541845
Africa and Asia,-49.75221730675548,-48.658073482103646,0.2508387726137024,-1.0941438246518373
addresses and names,-64.07638437952846,-58.672519964165986,0.004479008898361509,-5.403864415362477
poetry and prose,-39.870110056363046,-40.25029979646206,0.5939188651236583,0.38018974009901285
forefinger and thumb,-56.97295202920213,-52.353868145728484,0.009765520636071208,-4.61908388347365
minerals and vitamins,-28.353547670201806,-27.436676576377067,0.28559585923111025,-0.9168710938247386
fall and winter,-62.34495557192713,-65.33798547741026,0.9522582460720882,2.9930299054831266
light and shadow,-34.81183326989412,-40.68484044075012,0.9971935013793827,5.873007170855999
honey and milk,-51.14675485450789,-47.826561696461795,0.03488490471237133,-3.320193158046095
nose and throat,-46.196721052285284,-47.78718686895445,0.8306816301142973,1.590465816669166
anger and fear,-48.73679329035804,-48.33537002792582,0.4009704338754982,-0.4014232624322176
head and tail,-38.40331031382084,-41.59294839203358,0.9604424723436163,3.189638078212738
novels and stories,-39.48307118145749,-39.71780255995691,0.5584148747192815,0.2347313784994185
sunrise and sunset,-32.49494628211687,-34.75652313043247,0.9056444630062754,2.261576848315599
sympathy and understanding,-54.72278780821944,-55.30092922091717,0.6406396333879919,0.5781414126977324
shoes and socks,-46.886438079411164,-48.31784851482371,0.8071209828177773,1.4314104354125448
equipment and personnel,-63.13176295533776,-63.10672637447715,0.49374118171621834,-0.025036580860614777
eyes and face,-67.42658583354205,-65.42877434194088,0.11943289292640911,-1.997811491601169
ink and paper,-34.89621702954173,-32.773398033343256,0.1068986388062446,-2.1228189961984754
muscles and nerves,-46.77885781027726,-45.822615841490915,0.277631245879706,-0.9562419687863439
charts and maps,-79.63751220609993,-81.05926465895027,0.8056129987311851,1.4217524528503418
elbows and knees,-28.40218191128224,-25.882202444743598,0.07446936039527448,-2.5199794665386435
Christmas and Easter,-31.683957226890925,-32.81273962930936,0.7556141257831029,1.1287824024184374
nature and size,-42.77356263436377,-44.89947389625013,0.8933962252162798,2.1259112618863583
gums and teeth,-33.99531972105615,-30.858941165555734,0.04163136880559708,-3.1363785555004142
chairs and sofas,-37.12397149205208,-35.26987019274384,0.13539207622762944,-1.8541012993082404
characters and situations,-40.493647646158934,-45.03433192893863,0.9894464597493832,4.540684282779694
joy and pleasure,-45.63473397423513,-46.170727437594905,0.6308799039772487,0.5359934633597732
Thursday and Tuesday,-61.632707885000855,-56.58709355798783,0.0063963280260789495,-5.045614327013027
barley and oats,-48.8516628742218,-51.944141268730164,0.9565814177779353,3.092478394508362
beauty and dignity,-44.263446115655825,-45.40387693885714,0.7577587298805764,1.1404308232013136
boats and ships,-36.828685665503144,-36.99603238515556,0.5417393164807757,0.16734671965241432
misery and pain,-55.22020798432641,-52.507661554496735,0.06223706675695693,-2.712546429829672
bones and skulls,-36.590111710364,-36.659964102786034,0.5174560008447273,0.06985239242203534
dairy and poultry,-52.295318912472794,-54.836947548861644,0.9270091020368119,2.5416286363888503
being and existence,-54.15605953335762,-54.453667871654034,0.5738577513958006,0.2976083382964134
radar and radio,-37.17205774784088,-36.04133700206876,0.24402811435383426,-1.1307207457721233
humility and pride,-43.617602217942476,-43.00827785488218,0.352213335240106,-0.6093243630602956
pitch and volume,-49.081856071483344,-50.18790608365089,0.7513919784514506,1.1060500121675432
skirt and sweater,-38.90876565128565,-39.4613363109529,0.6347317977912001,0.5525706596672535
linen and silk,-65.15028670150787,-64.95554661750793,0.45146825741663393,-0.1947400839999318
checks and money,-57.546678644255735,-56.937258042162284,0.3521913777410661,-0.6094206020934507
calluses and corns,-46.17404940421693,-43.08654061704874,0.04362545593296353,-3.08750878716819
action and motion,-53.11259139921458,-53.04357004853955,0.4827515093619983,-0.06902135067502968
brain and intelligence,-58.70842673769221,-60.00585393002257,0.785401665302645,1.2974271923303604
conduct and manners,-36.68348376726499,-37.71143314614892,0.7365181470607829,1.0279493788839318
completeness and unity,-54.01123034315242,-54.70657902790117,0.6671557101836587,0.6953486847487511
hostility and indifference,-49.470644380897284,-51.533194126561284,0.887209571799284,2.0625497456640005
depth and force,-57.194873716682196,-57.30607950221747,0.5277728306973432,0.11120578553527594
hours and miles,-38.085190115496516,-38.49653869308531,0.601411198330379,0.4113485775887966
movements and speech,-55.01169155538082,-57.83868123590946,0.9441169894903944,2.8269896805286407
schools and synagogues,-49.77756609302014,-50.87638447294012,0.7500386401187406,1.098818379919976
arrangers and composers,-42.32400928426068,-42.1849523850251,0.46529168621279554,-0.13905689923558384
happiness and laughter,-46.342394162900746,-44.51737770438194,0.13883302578116036,-1.8250164585188031
diagrams and sketches,-38.774056741036475,-36.60663818649482,0.10271470692247622,-2.167418554541655
pail and shovel,-64.94994809871423,-67.85446255997522,0.9480691521928062,2.9045144612609874
candies and cookies,-48.859315616544336,-46.332936441060156,0.07402946838443161,-2.5263791754841805
county and village,-62.22407522436697,-61.22080976597499,0.2682998779050597,-1.0032654583919793
charm and variety,-29.661512695252895,-31.26603712886572,0.8326497875652441,1.6045244336128235
bouquets and wreaths,-50.09106976606563,-51.494003874599,0.8026490744841085,1.4029341085333726
beech and elm,-61.866298948036274,-63.70337398839183,0.8626024102218751,1.8370750403555576
complexity and obscurity,-53.67798613756895,-55.111528150737286,0.8074526025914742,1.433542013168335
devotion and effort,-56.74394540884532,-54.945394814014435,0.14202759164017484,-1.7985505948308855
alibis and excuses,-50.672142152965534,-45.10053893427539,0.003789957867720766,-5.571603218690143
body and mind,-37.033918048022315,-37.18717327248305,0.5382389916082495,0.15325522446073592
man and woman,-32.736744651570916,-35.6789774261415,0.9498951011815301,2.9422327745705843
law and order,-38.89162357151508,-43.07649680227041,0.9850041628884143,4.184873230755329
cause and effect,-55.774089619517326,-58.57584562897682,0.9427706418115747,2.8017560094594955
radio and television,-47.14285581125296,-47.152171789100976,0.5023289776181946,0.00931597784801852
feet and hands,-30.64050554856658,-29.659526087343693,0.2726974803801896,-0.980979461222887
money and time,-52.81619520485401,-50.53129065036774,0.09238089961325721,-2.2849045544862747
blood and flesh,-50.00293209476513,-42.81560664091376,0.0007555373977525953,-7.187325453851372
god and man,-48.871624022722244,-48.7702806442976,0.4746858174206847,-0.10134337842464447
brother and sister,-30.490719525550958,-32.35429843736347,0.865713554249876,1.8635789118125103
father and son,-50.843553568949574,-52.00050080080109,0.7607775685007783,1.1569472318515182
men and officers,-68.63775187975261,-65.40928315243218,0.0381083378609241,-3.2284687273204327
south and west,-48.49750777706504,-48.309485748410225,0.453132484358947,-0.18802202865481377
error and trial,-45.073034182190895,-33.40626911818981,8.574021878550386e-06,-11.666765064001083
arts and crafts,-37.98062360181939,-44.780347097082995,0.9988871566455058,6.799723495263606
pressure and temperature,-31.27997851371765,-30.160938516259193,0.24618939758095326,-1.119039997458458
days and nights,-29.53274368494749,-33.16847033519298,0.9743124761844022,3.6357266502454877
land and sea,-28.906873539090157,-30.434485211968422,0.8216566046743553,1.5276116728782654
north and west,-30.567503737285733,-31.23057042248547,0.6599489399133278,0.6630666851997375
spring and summer,-29.026559352874756,-30.968590587377548,0.874575126235152,1.9420312345027924
magazines and newspapers,-29.70340542268241,-29.179861611046363,0.3720239460847462,-0.5235438116360456
hands and knees,-45.45501308585517,-56.72754983790219,0.9999872827277576,11.272536752047017
moon and sun,-39.720192490611225,-37.62045219773427,0.1091220659154822,-2.099740292876959
fathers and mothers,-53.408937768952455,-49.968512351159006,0.031055680262982346,-3.440425417793449
city and county,-44.18529955437407,-46.430733838584274,0.9042559775746986,2.245434284210205
ears and eyes,-49.061689116060734,-47.97176756337285,0.25163305082114434,-1.0899215526878834
college and school,-37.7358692586422,-37.772022783756256,0.5090373969185361,0.03615352511405945
college and university,-30.825714902952313,-33.28289268910885,0.9210847664566377,2.457177786156535
dark and light,-55.12205479107797,-53.21665918827057,0.12949901646556103,-1.9053956028074026
future and past,-52.25014900788665,-51.072122272104025,0.23540717986845439,-1.1780267357826233
evening and morning,-45.67124303244054,-43.571855863556266,0.10915639940554847,-2.0993871688842773
ice and snow,-44.528092473745346,-47.86327351629734,0.9656162039509962,3.3351810425519943
husbands and wives,-36.91472936069658,-40.008429625826466,0.9566321379278894,3.0937002651298826
boys and men,-27.381590550765395,-26.264776473864913,0.2466027176541144,-1.1168140769004822
bread and butter,-49.8482070492646,-53.652328652540746,0.9782067679838298,3.804121603276144
head and shoulders,-60.0261054445873,-59.911492704821285,0.4713781397884721,-0.1146127397660166
rock and roll,-38.935893684625626,-46.27222543954849,0.999348988322807,7.336331754922867
testament and will,-33.82266891002655,-27.544036854058504,0.0018724523997351978,-6.278632055968046
engineers and scientists,-31.54043308645487,-29.665552131918957,0.13297796492418879,-1.8748809545359109
man and wife,-38.14434526395053,-44.77698042802513,0.9986850425704199,6.6326351640746
arms and hands,-43.834372931894904,-46.75143083836883,0.9486832570870936,2.9170579064739286
math and science,-34.960640132427216,-34.95460011065006,0.49848999914634606,-0.006040021777153015
son and wife,-28.805423066485673,-24.85237274377141,0.01883450985999549,-3.9530503227142617
fingers and thumb,-44.89372113207355,-44.70591755770147,0.45318661863484533,-0.18780357437208295
flesh and skin,-42.932336553931236,-41.93344722688198,0.26915984895877004,-0.9988893270492554
life and religion,-40.16910022497177,-41.867843091487885,0.8453704747285189,1.6987428665161133
conscience and religion,-57.845939088612795,-58.11650872603059,0.567232744772783,0.2705696374177933
pain and pressure,-38.42799023038242,-41.39898626296781,0.9512464903779702,2.97099603258539
integrity and unity,-55.84778755158186,-52.56948684900999,0.03632315136343428,-3.278300702571869
flowers and hearts,-33.252906918525696,-31.27577930688858,0.12162536935937894,-1.9771276116371155
grapefruit and oranges,-46.1513544464251,-44.503369666752405,0.16138149840146765,-1.6479847796726972
folklore and legend,-52.053531588520855,-52.16012920381036,0.5266241975847697,0.10659761528950185
doctors and fathers,-34.57152217626572,-34.64889109134674,0.519332586076002,0.07736891508102417
contraction and dilation,-49.724279787391424,-47.46484327688813,0.09453859322216494,-2.259436510503292
ships and weapons,-60.32899163477123,-59.930878354236484,0.40176572879795047,-0.39811328053474426
funnels and masts,-39.242067605257034,-37.00095323059941,0.09611868138923556,-2.241114374657627
law and sovereignty,-42.08932605502196,-42.98010703839827,0.709051313822464,0.8907809833763167
assurance and dignity,-57.16884918966389,-54.79341343235865,0.08506512429769353,-2.3754357573052403
mr. and mrs.,-40.41838422953151,-43.61724226287333,0.9607912803550652,3.1988580333418213
bride and groom,-33.31339501356706,-37.03965011553373,0.9764834896964588,3.7262551019666716
feet and legs,-46.955387222158606,-47.353474366129376,0.5982279892620389,0.39808714397076983
peace and quiet,-43.084511619003024,-49.72071561816847,0.9986897209345527,6.636203999165446
daughter and son,-50.34990877052769,-48.42843128880486,0.12769689848904073,-1.9214774817228317
ends and odds,-68.34284632373601,-53.42305888864212,3.314503651635371e-07,-14.919787435093895
city and state,-31.349938794970512,-30.51428985595703,0.3024519582953992,-0.8356489390134811
facts and figures,-47.14002650976181,-50.9858855009079,0.9790790019763611,3.8458589911460876
man and nature,-40.48637752700597,-41.067617211840115,0.6413526078865539,0.581239684834145
prose and verse,-41.57956884801388,-38.98169498553034,0.06927538035121365,-2.5978738624835387
body and head,-60.97057744443009,-59.61683472499135,0.20525915654335608,-1.353742719438742
command and control,-45.03083949536085,-45.46514691784978,0.6069017707007506,0.43430742248892784
child and wife,-28.576938852434978,-25.626430069445632,0.049712470562462814,-2.9505087829893455
aunt and uncle,-46.503824062645435,-48.33550121355802,0.8619614020256344,1.8316771509125829
cattle and horses,-42.89246918540448,-42.08743377029896,0.3089494264194815,-0.8050354151055217
politics and religion,-49.72144041210413,-49.97685555368662,0.5635088999246856,0.255415141582489
July and June,-60.02576422691345,-52.56121116876602,0.0005727129451187565,-7.46455305814743
sailors and soldiers,-57.98216703988146,-56.26106801460264,0.15172965641751587,-1.7210990252788179
English and German,-43.1658754888922,-43.36753689358011,0.5502451883678023,0.20166140468791127
food and shelter,-39.737820625305176,-42.703211426734924,0.9509858802977732,2.9653908014297485
sights and sounds,-36.93550980518921,-41.631906514958246,0.990954459539578,4.696396709769033
comings and goings,-31.29615154233761,-34.60292858973844,0.9646605729522096,3.3067770474008285
heir and son,-39.635263186879456,-35.633282384835184,0.017951257021101077,-4.001980802044272
coat and hat,-66.33475530147552,-64.88107647001743,0.18943603586852115,-1.4536788314580917
crime and punishment,-44.39703984186053,-53.23824480175972,0.9998553725739436,8.841204959899187
earth and sky,-43.19458861023304,-46.6592744589143,0.9696660988893521,3.464685848681256
faith and love,-42.98618161678314,-41.96586209535599,0.26496516630586936,-1.0203195214271545
mother and son,-30.44053602218628,-30.726347982883453,0.5709705238241884,0.2858119606971741
cents and dollars,-43.773834137187805,-38.46303677157266,0.004913723857550335,-5.310797365615144
turns and twists,-35.41280519589782,-30.623449044302106,0.00824919581538788,-4.789356151595712
fire and police,-35.65148730239889,-34.232478952995734,0.19481709019298804,-1.419008349403157
months and years,-42.05682861804962,-44.008907079696655,0.8756731000961158,1.9520784616470337
editor and publisher,-57.2603620570153,-58.50748573243618,0.7768015585162534,1.2471236754208803
aunts and uncles,-35.00025139914942,-36.75058908812207,0.8519953893548446,1.7503376889726496
research and training,-43.76741989329457,-45.60725129209459,0.8629287660378302,1.8398313988000154
eyes and hair,-41.618934247642756,-41.888570945709944,0.5670037126975268,0.26963669806718826
methods and principles,-47.537926109085674,-49.34731663907587,0.859288198169267,1.8093905299901962
city and country,-33.622185153886676,-35.116548826918006,0.8167323328555169,1.49436367303133
bread and cheese,-44.93683247733861,-45.77129325456917,0.6972973107224416,0.8344607772305608
location and size,-53.35584512841888,-50.003784678992815,0.0338277568620483,-3.3520604494260624
childhood and infancy,-47.83331845700741,-43.74027234315872,0.016414392862913164,-4.093046113848686
morning and night,-29.128725974660483,-30.222474382684595,0.7490869138938889,1.093748408024112
council and governor,-48.39298990368843,-48.406193882226944,0.503300946676125,0.013203978538513184
age and day,-51.65581292659044,-43.8774690926075,0.00041852980522452655,-7.7783438339829445
body and face,-58.47650623880327,-58.663154324516654,0.5465270259876427,0.18664808571338654
hair and skin,-39.24315085448325,-38.890879570972174,0.4128317493199591,-0.3522712835110724
nitrogen and oxygen,-27.72571393166436,-28.24320244032424,0.6265603083552731,0.5174885086598806
piano and violin,-40.73283547977917,-41.07443120836979,0.5845780923380179,0.3415957285906188
ceiling and walls,-36.01440471597016,-35.447948794811964,0.36205500406216934,-0.5664559211581945
color and texture,-37.92779054539278,-40.805172451306134,0.9467169509068869,2.877381905913353
everybody and everything,-38.159886717796326,-39.87821125984192,0.8479129008818421,1.7183245420455933
bacon and eggs,-56.89715638734924,-58.52212600760686,0.8354793613410951,1.624969620257616
paper and pen,-46.991936072707176,-45.9197360612452,0.2549849280106717,-1.0722000114619732
concrete and steel,-44.39927913621068,-43.74092913605273,0.34111035846605814,-0.6583500001579523
color and light,-31.793185165151954,-33.16072773002088,0.7969828277904235,1.367542564868927
friends and relations,-44.69028304118547,-49.10721241909778,0.9880727352392197,4.416929377912311
boots and shoes,-42.32702440908179,-41.65118905901909,0.33719144224279285,-0.6758353500626981
hearing and sight,-42.949353968317155,-41.64503160340246,0.2134384687894534,-1.3043223649146967
expense and time,-40.284534744918346,-38.522393642459065,0.14652238458888692,-1.7621411024592817
flowers and plants,-56.19872698455583,-54.07640816667117,0.10694640088003383,-2.1223188178846613
beauty and truth,-47.98089221585542,-44.63024618057534,0.03387401527480218,-3.3506460352800786
bone and flesh,-57.12790176575072,-55.1445685812796,0.1209639667542531,-1.983333184471121
doubts and fears,-35.865457844454795,-35.96951484144665,0.5259908014188619,0.10405699699185789
light and sound,-41.15225189382909,-42.70696298161056,0.8255931180792253,1.5547110877814703
beauty and youth,-38.92346341907978,-36.72329242527485,0.09973513487062356,-2.2001709938049316
fiction and poetry,-33.17171473428607,-33.65022492688149,0.6173960167868222,0.47851019259542227
needle and thread,-23.824718579649925,-32.17377024888992,0.9997634351693095,8.349051669239998
back and shoulders,-27.828436225652695,-29.597842628718354,0.8543838359579787,1.769406403065659
crime and violence,-35.633373836637475,-36.18595842225477,0.6347350264796536,0.5525845856172964
force and violence,-35.38247951655649,-35.25063717155717,0.4670870754231178,-0.13184234499931335
eggs and ham,-47.674368643172784,-48.75337516301079,0.7463059304040678,1.0790065198380034
bone and muscle,-35.242623322526924,-36.585379680473125,0.792942858064926,1.3427563579462003
debate and discussion,-49.90125301480293,-47.24005353450775,0.06530208169786417,-2.6611994802951813
errors and omissions,-47.53383785113692,-47.83685261942446,0.5751793360572133,0.3030147682875395
brother and mother,-29.632570422269055,-27.960860793697066,0.15819637406322315,-1.671709628571989
face and figure,-43.36065267561935,-45.98829804989509,0.932619734983932,2.627645374275744
chairs and table,-50.02018544846214,-47.21590866940096,0.05709350388718184,-2.8042767790611833
ammunition and guns,-51.3518000979675,-46.36728327823221,0.006796574146200727,-4.9845168197352905
Concord and Lexington,-37.32380937074777,-39.12399053713307,0.8581709869331934,1.8001811663853005
ice and water,-61.57519008219242,-59.35716664791107,0.09814361407809027,-2.218023434281349
fun and games,-32.59703452454414,-35.72270726447459,0.9579393861499295,3.125672739930451
breakfast and dinner,-35.89440531190485,-37.393812976777554,0.8174861148918645,1.499407664872706
comfort and ease,-55.35758743714541,-54.12258251539606,0.2253066480242455,-1.2350049217493506
father and uncle,-29.49681990989484,-34.17848971160129,0.9908214926998439,4.681669801706448
health and spirits,-59.06294484999671,-59.771073019281175,0.66998742180005,0.7081281692844641
names and numbers,-55.810863625549246,-57.06987060260144,0.7788551170453696,1.259006977052195
rights and wrongs,-31.79725347366184,-35.964379996061325,0.9847397580810859,4.167126522399485
crannies and nooks,-49.18550081551075,-40.13061981956707,0.00011680580265150784,-9.054880995943677
power and resources,-42.305977364922,-44.150574272222,0.8634914690191646,1.8445969073000015
flame and smoke,-37.118695611541625,-34.71265262647648,0.0827130478725406,-2.4060429850651417
faith and life,-44.00564029812813,-43.98292699456215,0.494321918213842,-0.022713303565979004
wisdom and wit,-58.53587082028389,-59.24495688080788,0.6701991811526098,0.7090860605239868
novelist and poet,-53.140290196286514,-51.059773871907964,0.11100500409333611,-2.08051632437855
Arizona and California,-52.649371745064855,-52.93073870334774,0.5698813200652117,0.28136695828288794
crops and livestock,-38.11923842711985,-37.83070044982014,0.4283618320476162,-0.2885379772997112
glass and steel,-41.96277046191972,-44.174747730372474,0.9013199292577954,2.211977268452756
bar and grill,-24.915564373135567,-30.256481260061264,0.9952313733033393,5.340916886925697
influence and prestige,-41.07385234881076,-39.85108335042605,0.2274495254244783,-1.2227689983847085
cotton and tobacco,-40.35044392384589,-41.92461068788543,0.8283768023820652,1.5741667640395463
church and community,-33.24743900820613,-34.749979289248586,0.817953044493005,1.5025402810424566
courage and hope,-32.33151626586914,-33.493237152695656,0.7616452683088758,1.1617208868265152
teaching and writing,-40.076602667570114,-40.488025940954685,0.6014291039548499,0.4114232733845711
gin and tonic,-48.78302865936712,-55.66625797515735,0.9989762200010369,6.883229315790231
brush and trees,-40.73761102557182,-38.191567063331604,0.07269270546072105,-2.546043962240219
pad and pencil,-37.48115336778574,-36.914666190743446,0.362047784884924,-0.5664871770422906
chair and table,-36.38581728283316,-36.34561423584819,0.4899505917762664,-0.04020304698497057
houses and shops,-35.472614330239594,-36.67974370531738,0.7697906309729406,1.207129375077784
libraries and museums,-41.205616671592,-41.082778342068195,0.4693289748339321,-0.1228383295238018
flames and smoke,-36.37638187408447,-36.60590022802353,0.5571290183156743,0.2295183539390564
guidance and information,-41.03036854369566,-42.642582261236385,0.8337185051857177,1.612213717540726
stress and tension,-54.9687732225284,-56.42347056325525,0.8107203067877108,1.4546973407268524
days and years,-39.38074263604358,-38.707307275384665,0.3377280333804823,-0.6734353606589139
actions and feelings,-39.83340722322464,-39.29063159227371,0.36754213632243987,-0.5427756309509277
energy and money,-66.1791982203722,-63.924857802689075,0.09497572639498171,-2.2543404176831245
anguish and pain,-33.41712999949232,-31.606400499818847,0.14054998221261153,-1.8107294996734709
colors and forms,-44.43089175224304,-44.71054446697235,0.5694610802727628,0.2796527147293091
meaning and origin,-51.483539807610214,-50.41056005656719,0.2548368310436556,-1.0729797510430217
freedom and security,-34.02683091163635,-34.92427507042885,0.7104239934273229,0.8974441587924957
gratitude and joy,-37.002976566553116,-35.08226123265922,0.12778181853297832,-1.9207153338938951
mamma and papa,-38.86552836000919,-41.989737406373024,0.9578803721678176,3.1242090463638306
length and weight,-58.350730925798416,-60.26018141210079,0.8709574002641931,1.9094504863023758
anger and hatred,-49.74467324471334,-50.389027000404894,0.6557369688286706,0.6443537556915544
aircraft and ships,-43.08635142445564,-42.81155222654343,0.43172928045150455,-0.2747991979122162
sidewalks and streets,-56.25917974616459,-56.592295693228834,0.5825173410509182,0.3331159470642433
democracy and liberty,-65.00360235059634,-62.79687941423617,0.09914838965078042,-2.2067229363601655
iron and wood,-44.04878008365631,-43.30961060523987,0.3231857826552189,-0.7391694784164429
horses and wagons,-43.43890621262835,-45.28287982431357,0.8634179820547949,1.8439736116852146
clarity and precision,-40.45806733192876,-40.959332940517925,0.6227567077897253,0.5012656085891649
flowers and herbs,-27.30005546566099,-28.103414565324783,0.6906925662009459,0.803359099663794
confusion and fear,-34.57237106561661,-34.16461485624313,0.3994502618873655,-0.4077562093734741
jaws and teeth,-62.35794883966446,-63.650603756308556,0.7845962223553554,1.2926549166440964
counties and towns,-38.06315458007157,-37.856841556727886,0.44860392140975747,-0.2063130233436823
bodies and faces,-45.63762685662368,-45.39479377871612,0.43958830177644187,-0.24283307790756226
ability and desire,-39.64067252811219,-39.01056984735624,0.3474872556221567,-0.6301026807559538
chest and stomach,-37.937710390018765,-38.81893888988998,0.7070767317513766,0.881228499871213
Illinois and Missouri,-33.387828171253204,-31.277953013777733,0.10814070677184535,-2.1098751574754715
jams and jellies,-40.504489534534514,-43.68875897495309,0.9602379981806926,3.184269440418575
Tories and Whigs,-55.220757658236835,-50.23679354751221,0.006800306159697758,-4.983964110724628
dogs and men,-38.140797508182004,-37.44865707750432,0.3335570930555049,-0.6921404306776822
discussion and thought,-35.989311542361975,-32.131107930094004,0.02066962912411998,-3.858203612267971
distress and pain,-36.64572757272981,-34.86268053739332,0.14392729459416698,-1.7830470353364944
mouth and nostrils,-57.4505285256746,-61.531070455908775,0.9833825020876408,4.080541930234176
cakes and pies,-46.73911136442621,-48.00581825221889,0.7801785002604835,1.2667068877926795
adventure and romance,-40.087041416205466,-39.36417959909886,0.3267631028660414,-0.7228618171066046
agreements and contracts,-49.77589495014399,-48.086914558836725,0.15590997565180262,-1.6889803913072683
crime and poverty,-42.65865477805346,-42.06781858063914,0.3564430147991248,-0.590836197414319
cousins and uncles,-37.01573388185352,-38.3007708072837,0.7833059526935701,1.2850369254301768
fire and light,-61.98693157103844,-63.64326540817274,0.8397452502220996,1.656333837134298
child and husband,-36.61281853308901,-30.579265755717643,0.002391231264664155,-6.033552777371369
vinegar and water,-47.292111683636904,-46.06782260269392,0.22718253290086557,-1.224289080942981
fork and spoon,-45.671048604883254,-44.93475981801748,0.32381621638618663,-0.7362887868657708
Burma and India,-39.97214199035807,-39.96171770156798,0.4973939514014634,-0.010424288790090941
fruit and nuts,-46.33240123663563,-46.93325772602111,0.6458522330448598,0.6008564893854782
ability and strength,-30.603029421705287,-29.99786966611282,0.35316411214273125,-0.6051597555924673
agencies and individuals,-23.66158076375723,-23.19061373407021,0.38438738620460045,-0.4709670296870172
coffee and sandwiches,-34.63575370237231,-37.2287392411381,0.9304087742219966,2.592985538765788
coffee and toast,-33.23214037716389,-34.89595924317837,0.8407499745404363,1.6638188660144806
anger and anxiety,-31.50656028254889,-32.21585890650749,0.6702461628245505,0.7092986239586025
apprehension and fear,-39.75073641369818,-39.33927258680342,0.3985611749165523,-0.41146382689476013
figures and words,-39.77827092586085,-37.061804819852114,0.06200869244569324,-2.7164661060087383
blood and guts,-43.013085650629364,-51.55199670023285,0.9998043350369774,8.538911049603485
action and character,-56.40625863149762,-57.85405940003693,0.8096597393562278,1.4478007685393095
diamonds and rubies,-47.77756138611585,-47.04055557213724,0.32365923648760836,-0.7370058139786124
plans and projects,-35.482875883579254,-37.49511516094208,0.8820761462944936,2.0122392773628235
jacket and trousers,-34.19984234779258,-33.75744960340671,0.39117097408498497,-0.4423927443858702
kind and quantity,-49.672556065022945,-50.771396938711405,0.750042857241998,1.0988408736884594
family and neighborhood,-44.170484364032745,-43.963471591472626,0.44843083876488526,-0.20701277256011963
nights and weekends,-48.01376546360552,-51.91719446890056,0.9802262673177013,3.9034290052950382
labor and money,-49.8136870265007,-50.03746157884598,0.5557113528125379,0.22377455234527588
shower and tub,-40.509431540966034,-42.677719119004905,0.8973653584555404,2.1682875780388713
aggression and hostility,-53.50547396764159,-53.671696186065674,0.5414601371724881,0.1662222184240818
information and material,-32.36074307560921,-32.82873818278313,0.6149091155066783,0.4679951071739197
despair and rage,-56.065420913742855,-54.190728532441426,0.13299970794718483,-1.8746923813014291
improvements and land,-71.5452989730984,-68.5427792230621,0.047312169012966004,-3.0025197500362992
landings and takeoffs,-31.621254075609613,-28.879275717859855,0.060541284291719545,-2.7419783577497583
novels and tales,-47.44826427102089,-46.671502142213285,0.3150181406221015,-0.7767621288076043
corruption and crime,-48.88143849372864,-47.31044031120837,0.17207413947885386,-1.5709981825202703
anthropology and psychology,-47.14862159173936,-45.99994582356885,0.2407310425173335,-1.1486757681705058
lecturer and writer,-48.551244311966,-46.77655530325137,0.14496017358219956,-1.7746890087146312
fog and mist,-53.538080632686615,-52.46399100869894,0.25462612905161564,-1.0740896239876747
field and stream,-44.418947234749794,-44.58388224244118,0.5411405301185209,0.16493500769138336
dates and events,-48.37597858905792,-51.531101405620575,0.9591101011752107,3.1551228165626526
belly and chest,-45.68082979443716,-45.21588081808295,0.3858124477771436,-0.46494897635420784
pain and shame,-38.3539557820186,-39.409762788098305,0.7418884436734486,1.0558070060797036
doorways and windows,-41.53263941407204,-41.675024300813675,0.535536205153964,0.14238488674163818
history and identity,-52.95438914373517,-52.61727012693882,0.4165094716299089,-0.3371190167963505
anger and indignation,-46.917509799823165,-50.251254031434655,0.9655684676723508,3.3337442316114902
cream and peaches,-42.55439645447768,-38.94773681915831,0.026425120822500175,-3.6066596353193745
classmates and friends,-33.571222496801056,-30.365056252630893,0.03893433437120852,-3.206166244170163
movements and positions,-38.34259149432182,-39.4925549197942,0.7595042363988637,1.1499634254723787
barrels and boxes,-43.675707986578345,-42.33134444174357,0.20679339102281696,-1.3443635448347777
costumes and masks,-50.55092185083777,-53.660947893280536,0.9573044202184604,3.110026042442769
attractions and repulsions,-38.3410572137218,-37.38626146108436,0.2779213808741056,-0.9547957526374375
effort and resources,-35.857964031398296,-37.832868717610836,0.8781369498363478,1.9749046862125397
ability and age,-44.65702493535355,-41.39797713328153,0.037003124861603655,-3.2590478020720184
editing and publishing,-43.35877147316933,-45.66604109853506,0.9094773193035639,2.307269625365734
cysts and tumors,-45.88154833763838,-46.74691524542868,0.7037807342375033,0.8653669077903032
dirt and sweat,-33.15104889171198,-33.76584245078266,0.6490335007154117,0.6147935590706766
dreams and plans,-29.950237759156153,-30.296112273237668,0.5856168031314771,0.34587451408151537
farms and fields,-40.88681224733591,-42.32410065829754,0.8080343950980952,1.437288410961628
cause and consequence,-42.15101616662287,-45.4789358733251,0.9653742995263274,3.3279197067022324
choice and decision,-58.52352375909686,-58.80575052276254,0.570092059963104,0.2822267636656761
confusion and turmoil,-57.041433501115534,-55.224470071232645,0.13979863638319834,-1.8169634298828896
magic and superstition,-36.29990437626839,-35.84769958257675,0.3888366846508173,-0.45220479369163513
machinery and power,-60.37158656500105,-60.40609212972049,0.5086255353755372,0.03450556471943855
education and skill,-37.201452016830444,-37.67425888776779,0.6160478895713749,0.4728068709373474
forms and materials,-44.7186133179639,-46.6201567563985,0.8700661126919395,1.9015434384346008
length and quality,-42.92127961665392,-44.56927168369293,0.838619487850113,1.647992067039013
inclination and time,-40.68950560130179,-36.561061355052516,0.01585256741839898,-4.128444246249273
help and understanding,-48.101301025286375,-50.62287879898213,0.9256407259110967,2.5215777736957534
closets and drawers,-31.917549460660666,-32.14879631251097,0.5575554592359996,0.23124685185030103
friends and partners,-29.73195369821042,-29.750465668272227,0.5046278603549142,0.018511970061808825
receivers and senders,-44.68090281391051,-43.15827671648003,0.17907513867759176,-1.522626097430475
authority and force,-56.34311150072608,-54.49101622460876,0.13562707523487577,-1.8520952761173248
trees and underbrush,-44.39021906722337,-45.88101156055927,0.8161971916975268,1.4907924933359027
bacon and coffee,-48.94481993466616,-48.25979135558009,0.3351399015392594,-0.6850285790860653
december and may,-51.66140468418598,-50.75785683095455,0.2883219584612696,-0.90354785323143
grains and seeds,-57.78662901566713,-57.40941868675873,0.4067999076205033,-0.37721032890840434
beauty and color,-48.59160811238689,-48.7150205935468,0.5308140204418338,0.12341248115990311
legs and torso,-46.53919249039609,-43.78467982262373,0.05983229701405291,-2.75451266777236
transportation and utilities,-54.19067875191104,-56.72932476690039,0.9268070310395353,2.5386460149893537
hardships and trials,-46.92956889397465,-45.93457741290331,0.2699272948114747,-0.9949914810713381
science and tactics,-57.52245699512423,-61.523616089398274,0.9820342513455328,4.001159094274044
neighborhood and school,-46.53071981668472,-47.35803359746933,0.6957866434938703,0.8273137807846069
irony and satire,-45.15749550051987,-44.27058840915561,0.29174850733026,-0.8869070913642645
kitchen and pantry,-39.0563540358562,-42.067305934848264,0.9530664518837836,3.0109518989920616
astronomy and geology,-46.6749757938087,-47.881959522143006,0.7697648194601451,1.2069837283343077
feet and heads,-41.78575610043481,-40.34685769653879,0.19171599499522965,-1.4388984038960189
snow and water,-47.69551284960471,-47.10219363798387,0.3558736359638537,-0.5933192116208375
back and hips,-42.999354417435825,-42.27780946157873,0.32705286388679794,-0.7215449558570981
bombers and missiles,-39.580352255143225,-41.47258354909718,0.8690097320042166,1.8922312939539552
argument and debate,-45.61251700739376,-45.15921046654694,0.3885748945519845,-0.45330654084682465
doubts and suspicions,-33.142580762425496,-33.554338121495675,0.6015091856340515,0.4117573590701795
laborers and servants,-53.11011606454849,-54.10350114107132,0.7297560196100495,0.9933850765228271
arms and faces,-50.27841005474329,-51.307476319372654,0.7367348317144276,1.029066264629364
chrome and glass,-41.82231579720974,-41.14848357439041,0.3376392738078933,-0.6738322228193283
paris and washington,-66.57698091864586,-67.4469440355897,0.7047380233433468,0.8699631169438362
arm and back,-40.92560803890228,-40.40631049871445,0.37301650695053123,-0.5192975401878357
emotion and meaning,-41.111575750634074,-41.07346093771048,0.4904724501614155,-0.03811481292359531
bushes and vines,-51.58879427425563,-49.90029528550804,0.15597333971277502,-1.6884989887475967
authority and independence,-39.30781406164169,-39.05217292904854,0.43643551462837743,-0.2556411325931549
crises and problems,-46.128239035606384,-48.816365629434586,0.936322375232534,2.6881265938282013
bathrobe and slippers,-49.93142841430381,-55.387316365377046,0.995747081979029,5.455887951073237
generalists and specialists,-38.907583644613624,-37.30890041589737,0.16816573228190912,-1.5986832287162542
boredom and loneliness,-51.422353460176964,-51.83175158785889,0.6009435523804152,0.40939812768192496
excitement and fatigue,-45.39727437845431,-45.49610269488767,0.5246869891521856,0.09882831643335521
fun and pleasure,-51.77719458937645,-51.97355556488037,0.5489331160631185,0.1963609755039215
individualism and socialism,-51.35660935938358,-51.66190245002508,0.5757359441432477,0.30529309064149857
fields and homes,-54.33301604166627,-53.480036083608866,0.29880811717496497,-0.8529799580574036
certainty and security,-47.50659188628197,-46.42149008857086,0.2525417635097304,-1.0851017977111042
artist and critic,-41.30504634976387,-43.84039790183306,0.9265832341709538,2.535351552069187
20s and 30s,-36.57007246935973,-43.05217646481469,0.9984717521749831,6.482103995454963
brick and glass,-43.723868787288666,-43.47722315788269,0.43864929549980936,-0.24664562940597534
dentist and doctor,-32.214166135760024,-32.22608277318068,0.5029791241007274,0.011916637420654297
bourbon and water,-56.873915027594194,-60.0190622752998,0.9587170834470956,3.1451472477056086
cuts and wounds,-33.79866615100764,-35.80454399736482,0.8814128341420291,2.00587784635718
palm and pine,-34.519985377788544,-34.24302330613136,0.4311987214840248,-0.2769620716571808
fish and vegetable,-39.72009955346584,-39.533047288656235,0.4533728060757652,-0.18705226480960846
initials and names,-49.93308145913761,-49.66003779676976,0.432160033493362,-0.27304366236785427
fury and pain,-45.959723472595215,-46.562355235219,0.6462581809730044,0.6026317626237869
gentleness and sweetness,-52.59280829838826,-49.32240159297362,0.03660048477681054,-3.2704067054146435
experiences and reactions,-54.88979986310005,-53.84926515817642,0.26104683541729873,-1.0405347049236298
bitterness and disappointment,-41.06280876712117,-40.9904903155184,0.4819282626158146,-0.07231845160276862
comedy and satire,-48.71342780813575,-49.336873292922974,0.6510017641484289,0.6234454847872257
enthusiasm and warmth,-54.82684024168702,-53.60800275138172,0.22814109538725175,-1.2188374903053045
body and breath,-39.647283397614956,-40.556370474398136,0.7128133141045313,0.9090870767831802
beauty and brains,-34.20335190696642,-34.693223133683205,0.6200760961792255,0.4898712267167866
hotels and pensions,-56.50913880765438,-60.85993194580078,0.9872676243444619,4.3507931381464005
imagination and originality,-28.267134726047516,-28.281175270676613,0.5035100784936328,0.014040544629096985
ears and hair,-32.12651479244232,-30.178334057331085,0.12475186603530929,-1.9481807351112366
importance and validity,-32.22342216456309,-32.20177159504965,0.49458756904179174,-0.021650569513440132
money and papers,-42.712726429104805,-47.33257269859314,0.9902418490003025,4.619846269488335
pies and puddings,-45.463119862717576,-47.95342195406556,0.9234591579037101,2.490302091347985
eloquence and force,-52.37664608564228,-50.4895105692558,0.13157142115672216,-1.8871355163864791
blossom and leaf,-61.26824730075896,-61.70246864645742,0.6068812349987603,0.43422134569846094
desolation and misery,-43.55244130268693,-43.49892218783498,0.48662341400936066,-0.0535191148519516
boots and jacket,-67.75577108282596,-65.77335644164123,0.12106167102004636,-1.9824146411847323
confusions and contradictions,-62.84334232099354,-64.70450588461244,0.865432513222106,1.8611635636189021
flames and sparks,-40.00728315114975,-39.17517927289009,0.30320040004164056,-0.8321038782596588
danger and threat,-61.766608538106084,-62.19364706194028,0.6051662739875466,0.4270385238341987
determination and faith,-26.269992865622044,-26.17601682606619,0.4765232654590305,-0.0939760395558551
berlin and frankfurt,-40.5449878256768,-41.21971215773374,0.6625602076982406,0.6747243320569396
clothes and dishes,-40.61717108730227,-43.49025316629559,0.946499633495233,2.8730820789933205
comfort and companionship,-38.245738385245204,-40.290246427059174,0.8853915095691935,2.0445080418139696
background and interest,-62.9545869526919,-68.33546802937053,0.9954173336402885,5.380881076678634
glass and rubber,-51.02228959213244,-50.2243554116576,0.31046759103540744,-0.7979341804748401
color and scent,-37.49662614800036,-38.91450300812721,0.8050053592703708,1.417876860126853
interest and payments,-48.32225203071721,-47.45158250420354,0.2951150065613296,-0.8706695265136659
gambling and vice,-60.51364094717428,-65.28958283737302,0.9916403330826082,4.775941890198737
activities and places,-50.03528536565136,-49.91421169647947,0.46976850356008903,-0.1210736691718921
elegance and purity,-53.74569036497269,-53.599418143508956,0.4634970049477449,-0.14627222146373242
leaves and limbs,-45.85416806489229,-43.36813886091113,0.07684340677888078,-2.486029203981161
power and trade,-49.55602547491435,-51.18876716459636,0.8365448766931554,1.6327416896820068
games and races,-48.7583257559636,-49.215613413383835,0.6123705361847683,0.45728765742023825
evenings and sundays,-34.73907759785652,-36.68584888149053,0.8750941561832967,1.946771283634007
activity and nature,-61.268085105468344,-61.223254466553044,0.4887942169773059,-0.04483063891530037
sun and weather,-44.069467186927795,-44.99495839327574,0.7161596543890488,0.9254912063479424
leather and paper,-43.64546471834183,-40.860739946365356,0.058155223788936936,-2.784724771976471
anguish and rage,-39.94989520125091,-39.35080552473664,0.3545519890458507,-0.5990896765142679
shooting and yelling,-53.280169036006555,-49.1070814790437,0.015170921625201806,-4.173087556962855
arches and piers,-58.35171557380818,-61.93167242780328,0.9728791444005424,3.5799568539950997
investment and risk,-37.81076487747487,-37.988619806594215,0.5443468940621751,0.17785492911934853
control and growth,-59.925250152125955,-63.53992291726172,0.9737802511884903,3.614672765135765
happiness and pain,-56.57508284584037,-57.92085201191367,0.7934370778437265,1.3457691660732962
Egypt and Europe,-42.15693947672844,-42.766960054636,0.6479454961652691,0.6100205779075623
order and truth,-39.701071595045505,-41.50199045735644,0.8582607507971914,1.8009188623109367
factories and industries,-42.64991831150837,-44.35678327095229,0.8464292127848471,1.7068649594439194
name and year,-44.72667034692131,-46.99266267521307,0.9060211019008962,2.265992328291759
river and sky,-48.790358390659094,-48.35638026148081,0.39317679223158225,-0.4339781291782856
detection and removal,-44.02293983695563,-48.09953830577433,0.9833179375889207,4.076598468818702
breakfast and luncheon,-40.83402304613264,-43.33134206982504,0.9239536597286397,2.4973190236923983
attitude and experience,-34.28527530678548,-33.43852635868825,0.3001152842341866,-0.846748948097229
pilot and plane,-46.54387407004833,-45.460440481081605,0.25285679194224914,-1.0834335889667273
malaria and typhoid,-46.916844961291645,-50.02279316203203,0.9571374367896517,3.105948200740386
technology and time,-50.63591766450554,-48.25142762903124,0.08436308076766477,-2.3844900354743004
economist and historian,-64.27679987484589,-64.55060752946883,0.5680274387529506,0.2738076546229422
muskets and swords,-33.297527276794426,-34.863861872116104,0.8272604478796569,1.5663345953216776
character and wisdom,-50.09410258685239,-50.44734555040486,0.5874037676033862,0.353242963552475
azaleas and camellias,-41.044530525716254,-40.69746544168447,0.41409431102189564,-0.34706508403178304
silence and space,-31.074608862400055,-30.77798557281494,0.4263831548806671,-0.2966232895851135
fingers and mouth,-37.19834872055799,-36.177383746020496,0.26483947781614503,-1.0209649745374918
power and variety,-57.45318739878712,-53.36920457822271,0.01656136251967716,-4.083982820564415
cliches and stereotypes,-51.350445116870105,-52.06127554993145,0.670584629186026,0.7108304330613464
habits and movements,-47.28381202969467,-48.09872589161387,0.6931556288445855,0.8149138619191945
shirt and waistcoat,-40.47227078303695,-39.4808674515225,0.2706349825286045,-0.9914033315144479
boardinghouses and hotels,-41.34754961694125,-37.226871541846776,0.01597418617298361,-4.1206780750944745
stucco and wood,-35.485668040812016,-35.074727134779096,0.39868653100909546,-0.4109409060329199
activities and character,-32.770149789750576,-31.153123401105404,0.1656153759138482,-1.6170263886451721
happiness and warmth,-44.04322747280821,-43.52818119828589,0.3740113080621113,-0.5150462745223194
fulfillment and pleasure,-38.726276378525654,-36.303572320437524,0.08145770237555283,-2.4227040580881294
means and motives,-46.749651685357094,-47.249273136258125,0.6223703666352899,0.4996214509010315
fear and relief,-32.45816228352487,-31.467519915197045,0.2707852165514428,-0.9906423683278263
despair and futility,-39.577874262817204,-40.980344063515076,0.8025755161451087,1.4024698006978724
ash and maple,-46.52780863811495,-46.098432451020926,0.3942753021640922,-0.4293761870940216
beauty and inspiration,-50.99571065464988,-52.15332243544981,0.7608984921659055,1.1576117807999253
clippings and pictures,-40.92242001928389,-40.80541657656431,0.4707824635836282,-0.11700344271957874
liquids and powders,-37.40694662928581,-41.2720486135222,0.9794695496894732,3.8651019842363894
domination and influence,-52.807543102884665,-52.71346741751768,0.4764984089849088,-0.09407568536698818
action and conversation,-44.597182308731135,-45.86364387744106,0.7801364251440875,1.2664615687099285
pattern and sequence,-50.12023037672043,-47.52089899778366,0.06918146405633344,-2.5993313789367676
detective and police,-49.44710968818981,-49.0047634934308,0.39118206022539603,-0.44234619475901127
church and graveyard,-45.68813890218735,-48.90043213684112,0.9612942815852963,3.212293234653771
gardens and lawn,-44.60929719451815,-45.14573558117263,0.6309835074307343,0.5364383866544813
powers and processes,-36.62940189242363,-39.88632968068123,0.96292125659588,3.256927788257599
machinery and tractors,-42.29033822705969,-41.71611610689433,0.360263164546739,-0.5742221201653592
ammo and weapons,-34.36596901342273,-32.708426617085934,0.160092176913561,-1.657542396336794
clay and wax,-67.18602220341563,-67.83460194244981,0.6566903387782161,0.6485797390341759
associations and enterprises,-39.59166496293619,-41.718146714847535,0.8934505461570147,2.126481751911342
grace and modesty,-59.597965188208036,-56.56681994453538,0.04603850296932258,-3.031145243672654
brains and talent,-43.121105778962374,-43.35095643252134,0.5572110071289379,0.2298506535589695
comedy and humor,-52.568615603260696,-50.793541352730244,0.1449124306527697,-1.7750742505304515
certainty and order,-41.39426453411579,-40.46871562069282,0.28382861535138026,-0.925548913422972
discretion and moderation,-52.895105900708586,-54.00515572458971,0.7521384000344407,1.110049823881127
attention and civility,-61.95141057006549,-62.24055475729983,0.5717866028994798,0.2891441872343421
captain and leader,-50.869483011745615,-50.25485517925699,0.3510042509119179,-0.6146278324886225
control and intelligence,-44.84872777014971,-42.21327416040003,0.06689124859173583,-2.635453609749675
grease and sweat,-44.621421329677105,-45.103418428916484,0.6182193496468478,0.48199709923937917
comprehension and control,-50.586040848866105,-52.085375094786286,0.8174751603403521,1.4993342459201813
hallucinations and visions,-41.949700680124806,-41.10879903093155,0.30134492024428905,-0.8409016491932562
commands and statements,-47.279518040653784,-49.60767002572538,0.9111818915111736,2.3281519850715995
cost and upkeep,-50.162701142719015,-50.4297298619058,0.5663633149492683,0.26702871918678284
men and objects,-50.62756951665506,-53.20982862752862,0.9297110418242998,2.582259110873565
fragrance and taste,-46.28230057656765,-45.683977203967515,0.35472737330943094,-0.5983233726001345
betrayal and murder,-55.15519690513611,-52.40596794337034,0.060130210290953334,-2.749228961765766
bacteria and insects,-49.7888151537627,-48.8055940954946,0.27225312304318044,-0.9832210582681
confusion and congestion,-37.61023149290122,-38.43297030776739,0.6948174050094694,0.8227388148661703
facts and techniques,-48.04843898117542,-48.49407887458801,0.6096020808635076,0.44563989341259
anger and spite,-34.55549028515816,-34.173830792307854,0.4057267100025703,-0.38165949285030365
money and numbers,-26.097632202785462,-24.81747064879164,0.21752272476780604,-1.2801615539938211
boulders and ledges,-49.16073104739189,-48.772205013781786,0.40407217840339327,-0.3885260336101055
abolition and emancipation,-35.012659013969824,-35.478200763463974,0.6143280069480384,0.4655417494941503
nationalism and sovereignty,-35.766745013977925,-35.682958405217505,0.47906559334668425,-0.08378660876041977
tensions and uncertainties,-45.388411654144875,-46.09043544798624,0.6686363204868925,0.7020237938413629
beauty and poise,-42.567873580148444,-42.613681950373575,0.511450090380695,0.04580837022513151
background and intelligence,-37.67212229967117,-36.86148616671562,0.3077549561898675,-0.8106361329555511
battle and bloodshed,-51.4765771527309,-56.0418748400989,0.9897004048504071,4.565297687368002
fairness and moderation,-56.03245436400175,-53.83590215444565,0.10006052937713132,-2.1965522095561028
back and behind,-44.97312350169523,-46.140454794920515,0.7626622957255905,1.1673312932252884
apprehension and terror,-63.792245579883456,-62.259872251655906,0.17764670487912534,-1.5323733282275498
head and teeth,-48.74007161939517,-51.06140673765913,0.9106286576587177,2.32133511826396
cod and salmon,-62.46503769217816,-61.29416158348613,0.23669666001951417,-1.1708761086920276
archaeologists and geologists,-36.486464511370286,-34.71333555655656,0.1451536442693757,-1.7731289548137283
chopping and sawing,-42.130298959091306,-41.98826454591472,0.4645509717364654,-0.14203441317658871
anxiety and dismay,-38.783202678881935,-39.063412314644665,0.5695976181899001,0.2802096357627306
resources and riches,-38.59978547692299,-36.929359793663025,0.15836743246830182,-1.670425683259964
personnel and ships,-50.73646944761276,-52.34622351825237,0.8333772395677386,1.6097540706396103
bandits and outlaws,-51.64893048381782,-50.49685000855243,0.2401092809414849,-1.152080475265393
secrecy and stealth,-44.396237856242806,-43.30954429600388,0.2522414137470995,-1.0866935602389276
soldiers and subjects,-44.8309463262558,-48.50469136238098,0.9752470231183668,3.673745036125183
barges and towboats,-71.53042309235752,-70.5144687357024,0.26581619157474884,-1.0159543566551292
celebration and ritual,-41.622742390376516,-40.838386417366564,0.31338183434280736,-0.7843559730099514
searching and yearning,-36.99763207137585,-37.008599892258644,0.5027419277345067,0.010967820882797241
letters and magazines,-62.92907401698176,-63.47848017385695,0.6339978038955172,0.5494061568751931
flight and terror,-65.79146106541157,-68.93361288309097,0.9585983653719816,3.142151817679405
gaiety and spirit,-32.70300713693723,-32.905010023270734,0.5503296952310507,0.20200288633350283
disdain and indifference,-46.88123853504658,-47.09512807172723,0.5532694546735083,0.2138895366806537
liberalism and progress,-55.949866871436825,-59.73312491053366,0.9777575267052677,3.783258039096836
blame and hate,-49.715508699417114,-48.28460982441902,0.19295866773260947,-1.4308988749980927
color and imagery,-43.43872179836035,-45.36261397600174,0.8725718337361493,1.9238921776413918
intonation and phrasing,-51.71673458069563,-53.21036338061094,0.8166223109815101,1.4936287999153137
abasement and humiliation,-55.3811284257099,-56.46725020534359,0.747650724186367,1.086121779633686
commercialism and materialism,-58.53426203131676,-58.4184662476182,0.47108335798376366,-0.11579578369855881
education and industrialization,-55.388379003852606,-56.95666014403105,0.8275384331342358,1.568281140178442
foreboding and gloom,-46.59162596479291,-46.029608880518936,0.363080873918122,-0.5620170842739753
firepower and speed,-37.972665563225746,-37.709100514650345,0.43448754311611326,-0.2635650485754013
